10	0.05	10	5	2.4	4	2	5	1	3.2	10	500	50	0	25	2.5	1	1	1	50	25	2	10	5	1	1	25	2	1	0	50	5	10	24	10	1	0	25	2	125	58	971	1.037	756	0.516	0.165	2.3	10.1	72.478	0.131	22.034	3.284	35.752	0.234	7.785	0.15	1.36	1769.84	258.5	10	6.45	3.6	10	38	16.6	13.06	3.69	101.18	0.056	30.44	0.7321	97.452	6
																																																																								
																																																																								
																																																																								
																																																																								
																																																																								
																																																																								
																																																																								
																																																																								
																																																																								
																																																																								
																																																																								
																																																																								
																																																																								
																																																																								